LAYER 8: some fused output 2.275505 1.157113 -0.068034
LAYER 16: some fused output 0.866931 -0.051795 -0.168893

clock: 30%
bowl: 27%
bowl: 57%
toaster: 47%
sink: 36%
sink: 31%
bowl: 48%
refrigerator: 87%
Client 0, frame sequence number 0, finish processing
